6.719357450827371E-45
7.361950826459562E-42
3.988846660915772E-7
4.370312497884167E-4
9.385521555095938E-9
1.0283088230315672E-5
2.1508815308817164E-43
2.3565771250852983E-40
1.2768388458671018E-5
0.01398946923819799
3.004326696157888E-7
3.2916398207524626E-4
6.754358620386437E-45
7.400299268412249E-42
4.009624584898174E-7
4.3930774794890333E-4
9.434410787995699E-9
1.0336652892915363E-5
1.601200035519716E-43
1.7543278521921962E-40
9.505285955635413E-6
0.01041430590718434
2.236537871914218E-7
2.4504249193374884E-4
1.1126431502678291E-43
1.2190487289316954E-40
6.605040656360083E-6
0.007236701278138288
1.5541272132611953E-7
1.7027532419148895E-4
3.561595911344836E-42
3.90220257739251E-39
2.1142884661893427E-4
0.23164844611353677
4.974796391033757E-6
0.00545055167325968
1.1184389144977063E-43
1.2253987604003824E-40
6.639446349114141E-6
0.0072743972945116
1.5622226703797963E-7
1.711622892826257E-4
2.6513907985506123E-42
2.9049516748441044E-39
1.5739587285329144E-4
0.17244812792154912
3.7034323024303953E-6
0.004057603009918791
3.257743462695073E-45
3.569291759382159E-42
1.9339109771099212E-7
2.1188569106498557E-4
4.550378769670403E-9
4.985545672117299E-6
1.042811057089795E-43
1.1425383721233772E-40
6.190492816426901E-6
0.0067825089363815535
1.4565865450416236E-7
1.5958844556191885E-4
3.274713066135905E-45
3.587884219597321E-42
1.943984729922944E-7
2.1298940478380157E-4
4.574081717465751E-9
5.01151540667768E-6
7.763091912217263E-44
8.50550091095287E-41
4.608444097458658E-6
0.005049163887405073
1.0843397876373339E-7
1.1880385617423678E-4
3.4776647939217834E-45
3.810244862119862E-42
2.0644640060485724E-7
2.2618951325985228E-4
4.857562367173108E-9
5.322106194349456E-6
1.1132083730599694E-43
1.2196680057646644E-40
6.608396017439423E-6
0.007240377522851326
1.5549167099857452E-7
1.7036182406708996E-4
3.495779968774796E-45
3.830092448359561E-42
2.075217810300409E-7
2.2736773566638864E-4
4.882865436000951E-9
5.349829074503257E-6
8.287156967468038E-44
9.079683962659227E-41
4.919547526074995E-6
0.005390019100964633
1.1575405943705878E-7
1.2682397884622638E-4
9.81418700868347E-44
1.0752748709731047E-40
5.8260462202977644E-6
0.006383209176592888
1.3708344047759433E-7
1.5019315709630308E-4
3.141543478237989E-42
3.441979203402087E-39
1.8649305837656707E-4
0.20432797073472803
4.388071961801578E-6
0.004807716958464184
9.86530916226575E-44
1.0808759836326055E-40
5.856394126791493E-6
0.006416459347960608
1.3779750886568227E-7
1.509755140696613E-4
2.3386873971061192E-42
2.5623434594681687E-39
1.3883270033244688E-4
0.15210970169059146
3.2666517725281593E-6
0.003579051804484498
6.625474864205147E-45
7.259089951557175E-42
3.9331146590267156E-7
4.3092506710013716E-4
9.254387433004049E-9
1.013941334353263E-5
2.120829502378263E-43
2.3236511261788685E-40
1.2589989058997071E-5
0.013794008948065734
2.962350366822843E-7
3.245649164250755E-4
6.659986998859156E-45
7.296902590652267E-42
3.9536022747077254E-7
4.3316975812174237E-4
9.302593587547597E-9
1.019222960286452E-5
1.5788281343172097E-43
1.7298164554176508E-40
9.37247849025677E-6
0.010268797652437489
2.205289056531003E-7
2.4161876829264628E-4
2.9962668927707956E-44
3.282809359221057E-41
1.7786892954531648E-6
0.001948790872068185
4.1851512834192146E-8
4.585390287219251E-5
9.591118151423101E-43
1.0508347073104132E-39
5.6936246996297986E-5
0.06238123697030298
1.3396763999128947E-6
0.0014677938110659494
3.011874463334735E-44
3.299909531053426E-41
1.787954497681007E-6
0.0019589421343350908
4.206951759249431E-8
4.609275610200203E-5
7.140002135978671E-43
7.822823091428236E-40
4.238556105070084E-5
0.046439022808262516
9.9730731884002E-7
0.0010926828896061743
