1.968270329390954E-34
6.321189120527446E-33
8.930791867652988E-6
2.8681640995785907E-4
1.3739679796389184E-7
4.4125601531978335E-6
3.0709261619417838E-33
9.862418162253225E-32
1.3933961196132492E-4
0.0044749545012262365
2.143686337866535E-6
6.884545386501894E-5
1.7074299185236539E-34
5.4834883521180125E-33
7.747259613295528E-6
2.48806737658403E-4
1.1918860943531572E-7
3.827795963975429E-6
6.46697631710344E-33
2.076898672299375E-31
2.934313352523676E-4
0.009423679553367037
4.514328234651803E-6
1.4497968543641558E-4
1.702789872549509E-33
5.468586634761135E-32
7.726205958507363E-5
0.002481305900695656
1.1886470705395907E-6
3.817393693377931E-5
2.6567193996771143E-32
8.532174424805579E-31
0.001205454741466966
0.038713722868467214
1.8545457561030222E-5
5.955957364379565E-4
1.4771316368162449E-33
4.7438750118836485E-32
6.702308627653389E-5
0.0021524766535336616
1.0311244042543663E-6
3.311502543897944E-5
5.594710042796154E-32
1.79676641602234E-30
0.0025385329369697596
0.08152612916540332
3.905435287645779E-5
0.0012542481410062027
9.53352094966721E-35
3.0617333405622282E-33
4.325721426626845E-6
1.3892249518658578E-4
6.65495604096437E-8
2.137269156716703E-6
1.487434853972129E-33
4.776964259442626E-32
6.749058246694697E-5
0.0021674905046337204
1.0383166533376443E-6
3.334600776359568E-5
8.270113436791317E-35
2.655984307722067E-33
3.7524653360531624E-6
1.2051211721051144E-4
5.773023593927927E-8
1.8540325724694072E-6
3.132346877330854E-33
1.0059673565687917E-31
1.4212650266723898E-4
0.00456445667724584
2.186561579495984E-6
7.022241041916664E-5
9.407091356560117E-35
3.021129905326352E-33
4.268355506653119E-6
1.3708016278568482E-4
6.566700779466334E-8
2.1089255813182275E-6
1.467709111053659E-33
4.7136141445378583E-32
6.659555040849151E-5
0.002138746146277869
1.0245469293614065E-6
3.2903786865813365E-5
8.160438629101364E-35
2.6207617475476087E-33
3.7027017001317292E-6
1.1891393559176134E-4
5.696464154048806E-8
1.829445162950174E-6
3.090806994714345E-33
9.926266355233904E-32
1.402416800505991E-4
0.0045039247495848285
2.1575643084707534E-6
6.929114999361249E-5
5.7468026574135594E-33
1.845611646602497E-31
2.607543164558651E-4
0.008374242510789099
4.011604868551765E-6
1.2883450016598603E-4
8.966251416099285E-32
2.8795521660329283E-30
0.004068329640935772
0.1306562418221528
6.258968678362713E-5
0.00201009602803312
4.985221108400986E-33
1.6010262901030993E-31
2.2619846199617002E-4
0.007264465655141147
3.479976338402605E-6
1.1176101007909448E-4
1.888177458634985E-31
6.063967246227812E-30
0.00856737995692907
0.2751452677400728
1.3180584549121643E-4
0.004233004119078037
1.5226233370365773E-34
4.8899736631781785E-33
6.908721790813959E-6
2.218767171407762E-4
1.0628802755098379E-7
3.4134879560119376E-6
2.375620752224411E-33
7.629413414013527E-32
1.0779095826513231E-4
0.003461755253935078
1.6583224348481882E-6
5.3257773137462724E-5
1.3208412490285455E-34
4.241941367823528E-33
5.993159632722895E-6
1.9247302538325396E-4
9.220245588804434E-8
2.9611234674346745E-6
5.002752372704542E-33
1.606656534868281E-31
2.2699392057250623E-4
0.007290012041566783
3.4922141626539388E-6
1.1215403140871941E-4
5.035872070442954E-33
1.6172930754843246E-31
2.284966877453693E-4
0.007338274116374261
3.5153336576210675E-6
1.128965248672962E-4
7.857046391640971E-32
2.523325959279647E-30
0.003565041071017032
0.11449290085293864
5.484678570795434E-5
0.0017614292438913612
4.368504930718822E-33
1.4029651023381201E-31
1.9821569990374383E-4
0.0063657865434074735
3.0494723062114443E-6
9.793517759088417E-5
1.6545931180903796E-31
5.313800579521478E-30
0.0075075188093908325
0.24110734427776606
1.1550028937524348E-4
0.0037093437581194773
