4.973062116238198E-34
1.5971213748163824E-32
2.2564676131818583E-5
7.246747469412452E-4
3.471488635664399E-7
1.1148842260634534E-5
7.97385742292703E-33
2.5608403499147155E-31
3.618042688068209E-4
0.011619507207113368
5.566219520104938E-6
1.7876164934020554E-4
4.377118778886203E-34
1.4057314786080775E-32
1.986065432675114E-5
6.378338676011833E-4
3.0554852810386386E-7
9.81282873232588E-6
9.965969913972383E-34
3.200616279939535E-32
4.52193994292448E-5
0.0014522413805537556
6.956830681422284E-7
2.234217508544239E-5
4.302295106846584E-33
1.3817015181604674E-31
1.9521150841810347E-4
0.006269305602372337
3.0032539756631287E-6
9.645085542111271E-5
6.898342906543359E-32
2.215434002096766E-30
0.003130040805961092
0.10052267163694578
4.815447393786291E-5
0.001546502640568394
3.7867326537102135E-33
1.2161263062064052E-31
1.7181847710318366E-4
0.00551802785513529
2.6433611862028225E-6
8.489273623285056E-5
8.621759108108046E-33
2.768916904358614E-31
3.912020328159074E-4
0.012563629493646438
6.018492812552431E-6
1.9328660759456055E-4
2.4087540802295925E-34
7.735822594391662E-33
1.0929434307411649E-5
3.510037102364677E-4
1.6814514319094843E-7
5.40005708056104E-6
3.8622203289858416E-33
1.2403695142942819E-31
1.752436403237026E-4
0.0056280285162839325
2.69605600498004E-6
8.658505409667581E-5
2.1201027600007385E-34
6.80880583362939E-33
9.619713374053355E-6
3.089414319837518E-4
1.479955903700515E-7
4.7529451074423275E-6
4.827120621586979E-34
1.5502516042138964E-32
2.190248389169561E-5
7.034081357725033E-4
3.3696129064147133E-7
1.0821663627269274E-5
2.376810184593729E-34
7.63323332982497E-33
1.0784492691435351E-5
3.463488448934431E-4
1.659152721759285E-7
5.32844376759142E-6
3.811001167957967E-33
1.2239202492407311E-31
1.7291963198954192E-4
0.005553391940868944
2.660302030608337E-6
8.54367990902913E-5
2.0919868382224928E-34
6.718510280115025E-33
9.492140732830867E-6
3.0484437909563035E-4
1.460329343512441E-7
4.689913524548148E-6
4.76310535385032E-34
1.5296928116576968E-32
2.161202225206479E-5
6.940798293821242E-4
3.3249265003176613E-7
1.0678151221263452E-5
1.4519960067641629E-32
4.6631507999446655E-31
6.58825867606765E-4
0.02115848975521392
1.0135782578565605E-5
3.255152270032906E-4
2.328144886586467E-31
7.476942525804145E-30
0.0105636797048624
0.33925733612223635
1.6251814930557515E-4
0.005219343632649786
1.2779971051081018E-32
4.10434546324464E-31
5.798759415655449E-4
0.018622977287577946
8.921168331777614E-6
2.865073428858145E-4
2.909786401293871E-32
9.344910538080984E-31
0.0013202808622820217
0.04240141456312921
2.0312013265877232E-5
6.523294548173727E-4
3.847083564512128E-34
1.235508273971618E-32
1.7455682765860713E-5
5.605971215283585E-4
2.685489656286259E-7
8.62457110043628E-6
6.168452177048247E-33
1.9810262955148007E-31
2.798861593550849E-4
0.008988670188080824
4.305940913155144E-6
1.382872336627816E-4
3.386071060561828E-34
1.0874520247418969E-32
1.5363893522111313E-5
4.934183669291214E-4
2.3636759264786587E-7
7.59105179890955E-6
7.709519439798799E-34
2.47594701193464E-32
3.498102461811445E-5
0.0011234313614876402
5.381696095094539E-7
1.7283559407502153E-5
1.272371190165297E-32
4.086277583137737E-31
5.773232453735366E-4
0.018540995968317098
8.881896082669793E-6
2.852460918202627E-4
2.0401326631915553E-31
6.551978253408669E-30
0.009256858526899617
0.2972881795457233
1.4241320810614796E-4
0.004573664300703432
1.11989749977206E-32
3.596601435258889E-31
5.081401277013527E-4
0.016319148994174155
7.817540426174648E-6
2.5106383067960224E-4
2.5498199508082064E-32
8.188862013349586E-31
0.0011569503680823507
0.03715598128226998
1.779923643203619E-5
5.716304812656916E-4
