168 624
0 0 0.02
0 1 0.07000000000000001
0 2 0.85
0 4 0.02
0 6 0.95
0 24 0.95
0 96 0.9
1 1 0.02
1 3 0.85
1 5 0.02
1 7 0.95
1 25 0.95
1 97 0.9
2 2 0.02
2 3 0.07000000000000001
2 8 0.95
2 26 0.95
2 98 0.9
3 3 0.02
3 9 0.95
3 27 0.95
3 99 0.9
4 4 0.02
4 5 0.07000000000000001
4 10 0.95
4 28 0.95
4 100 0.9
5 5 0.02
5 11 0.95
5 29 0.95
5 101 0.9
6 7 0.07000000000000001
6 8 0.85
6 10 0.02
6 12 0.12778
6 18 0.07822999999999999
6 30 0.95
6 102 0.9
7 9 0.85
7 11 0.02
7 13 0.12778
7 19 0.07822999999999999
7 31 0.95
7 103 0.9
8 9 0.07000000000000001
8 14 0.12778
8 20 0.07822999999999999
8 32 0.95
8 104 0.9
9 15 0.12778
9 21 0.07822999999999999
9 33 0.95
9 105 0.9
10 11 0.07000000000000001
10 16 0.12778
10 22 0.07822999999999999
10 34 0.95
10 106 0.9
11 17 0.12778
11 23 0.07822999999999999
11 35 0.95
11 107 0.9
12 0 0.89
12 13 0.07000000000000001
12 14 0.85
12 16 0.02
12 36 0.95
12 108 0.9
13 1 0.89
13 15 0.85
13 17 0.02
13 37 0.95
13 109 0.9
14 2 0.89
14 15 0.07000000000000001
14 38 0.95
14 110 0.9
15 3 0.89
15 39 0.95
15 111 0.9
16 4 0.89
16 17 0.07000000000000001
16 40 0.95
16 112 0.9
17 5 0.89
17 41 0.95
17 113 0.9
18 19 0.07000000000000001
18 20 0.85
18 22 0.02
18 42 0.95
18 114 0.9
19 21 0.85
19 23 0.02
19 43 0.95
19 115 0.9
20 21 0.07000000000000001
20 44 0.95
20 116 0.9
21 45 0.95
21 117 0.9
22 23 0.07000000000000001
22 46 0.95
22 118 0.9
23 47 0.95
23 119 0.9
24 24 0.02
24 25 0.07000000000000001
24 26 0.85
24 28 0.02
24 30 0.95
24 48 0.12778
24 72 0.12778
25 25 0.02
25 27 0.85
25 29 0.02
25 31 0.95
25 49 0.12778
25 73 0.12778
26 26 0.02
26 27 0.07000000000000001
26 32 0.95
26 50 0.12778
26 74 0.12778
27 27 0.02
27 33 0.95
27 51 0.12778
27 75 0.12778
28 28 0.02
28 29 0.07000000000000001
28 34 0.95
28 52 0.12778
28 76 0.12778
29 29 0.02
29 35 0.95
29 53 0.12778
29 77 0.12778
30 31 0.07000000000000001
30 32 0.85
30 34 0.02
30 36 0.12778
30 42 0.07822999999999999
30 54 0.12778
30 78 0.12778
31 33 0.85
31 35 0.02
31 37 0.12778
31 43 0.07822999999999999
31 55 0.12778
31 79 0.12778
32 33 0.07000000000000001
32 38 0.12778
32 44 0.07822999999999999
32 56 0.12778
32 80 0.12778
33 39 0.12778
33 45 0.07822999999999999
33 57 0.12778
33 81 0.12778
34 35 0.07000000000000001
34 40 0.12778
34 46 0.07822999999999999
34 58 0.12778
34 82 0.12778
35 41 0.12778
35 47 0.07822999999999999
35 59 0.12778
35 83 0.12778
36 24 0.89
36 37 0.07000000000000001
36 38 0.85
36 40 0.02
36 60 0.12778
36 84 0.12778
37 25 0.89
37 39 0.85
37 41 0.02
37 61 0.12778
37 85 0.12778
38 26 0.89
38 39 0.07000000000000001
38 62 0.12778
38 86 0.12778
39 27 0.89
39 63 0.12778
39 87 0.12778
40 28 0.89
40 41 0.07000000000000001
40 64 0.12778
40 88 0.12778
41 29 0.89
41 65 0.12778
41 89 0.12778
42 43 0.07000000000000001
42 44 0.85
42 46 0.02
42 66 0.12778
42 90 0.12778
43 45 0.85
43 47 0.02
43 67 0.12778
43 91 0.12778
44 45 0.07000000000000001
44 68 0.12778
44 92 0.12778
45 69 0.12778
45 93 0.12778
46 47 0.07000000000000001
46 70 0.12778
46 94 0.12778
47 71 0.12778
47 95 0.12778
48 0 0.95
48 48 0.02
48 49 0.07000000000000001
48 50 0.85
48 52 0.02
48 54 0.95
49 1 0.95
49 49 0.02
49 51 0.85
49 53 0.02
49 55 0.95
50 2 0.95
50 50 0.02
50 51 0.07000000000000001
50 56 0.95
51 3 0.95
51 51 0.02
51 57 0.95
52 4 0.95
52 52 0.02
52 53 0.07000000000000001
52 58 0.95
53 5 0.95
53 53 0.02
53 59 0.95
54 6 0.95
54 55 0.07000000000000001
54 56 0.85
54 58 0.02
54 60 0.12778
54 66 0.07822999999999999
55 7 0.95
55 57 0.85
55 59 0.02
55 61 0.12778
55 67 0.07822999999999999
56 8 0.95
56 57 0.07000000000000001
56 62 0.12778
56 68 0.07822999999999999
57 9 0.95
57 63 0.12778
57 69 0.07822999999999999
58 10 0.95
58 59 0.07000000000000001
58 64 0.12778
58 70 0.07822999999999999
59 11 0.95
59 65 0.12778
59 71 0.07822999999999999
60 12 0.95
60 48 0.89
60 61 0.07000000000000001
60 62 0.85
60 64 0.02
61 13 0.95
61 49 0.89
61 63 0.85
61 65 0.02
62 14 0.95
62 50 0.89
62 63 0.07000000000000001
63 15 0.95
63 51 0.89
64 16 0.95
64 52 0.89
64 65 0.07000000000000001
65 17 0.95
65 53 0.89
66 18 0.95
66 67 0.07000000000000001
66 68 0.85
66 70 0.02
67 19 0.95
67 69 0.85
67 71 0.02
68 20 0.95
68 69 0.07000000000000001
69 21 0.95
70 22 0.95
70 71 0.07000000000000001
71 23 0.95
72 0 0.89
72 72 0.02
72 73 0.07000000000000001
72 74 0.85
72 76 0.02
72 78 0.95
73 1 0.89
73 73 0.02
73 75 0.85
73 77 0.02
73 79 0.95
74 2 0.89
74 74 0.02
74 75 0.07000000000000001
74 80 0.95
75 3 0.89
75 75 0.02
75 81 0.95
76 4 0.89
76 76 0.02
76 77 0.07000000000000001
76 82 0.95
77 5 0.89
77 77 0.02
77 83 0.95
78 6 0.89
78 79 0.07000000000000001
78 80 0.85
78 82 0.02
78 84 0.12778
78 90 0.07822999999999999
79 7 0.89
79 81 0.85
79 83 0.02
79 85 0.12778
79 91 0.07822999999999999
80 8 0.89
80 81 0.07000000000000001
80 86 0.12778
80 92 0.07822999999999999
81 9 0.89
81 87 0.12778
81 93 0.07822999999999999
82 10 0.89
82 83 0.07000000000000001
82 88 0.12778
82 94 0.07822999999999999
83 11 0.89
83 89 0.12778
83 95 0.07822999999999999
84 12 0.89
84 72 0.89
84 85 0.07000000000000001
84 86 0.85
84 88 0.02
85 13 0.89
85 73 0.89
85 87 0.85
85 89 0.02
86 14 0.89
86 74 0.89
86 87 0.07000000000000001
87 15 0.89
87 75 0.89
88 16 0.89
88 76 0.89
88 89 0.07000000000000001
89 17 0.89
89 77 0.89
90 18 0.89
90 91 0.07000000000000001
90 92 0.85
90 94 0.02
91 19 0.89
91 93 0.85
91 95 0.02
92 20 0.89
92 93 0.07000000000000001
93 21 0.89
94 22 0.89
94 95 0.07000000000000001
95 23 0.89
96 96 0.02
96 97 0.07000000000000001
96 98 0.85
96 100 0.02
96 102 0.95
96 120 0.06
96 144 0.0345
97 97 0.02
97 99 0.85
97 101 0.02
97 103 0.95
97 121 0.06
97 145 0.0345
98 98 0.02
98 99 0.07000000000000001
98 104 0.95
98 122 0.06
98 146 0.0345
99 99 0.02
99 105 0.95
99 123 0.06
99 147 0.0345
100 100 0.02
100 101 0.07000000000000001
100 106 0.95
100 124 0.06
100 148 0.0345
101 101 0.02
101 107 0.95
101 125 0.06
101 149 0.0345
102 103 0.07000000000000001
102 104 0.85
102 106 0.02
102 108 0.12778
102 114 0.07822999999999999
102 126 0.06
102 150 0.0345
103 105 0.85
103 107 0.02
103 109 0.12778
103 115 0.07822999999999999
103 127 0.06
103 151 0.0345
104 105 0.07000000000000001
104 110 0.12778
104 116 0.07822999999999999
104 128 0.06
104 152 0.0345
105 111 0.12778
105 117 0.07822999999999999
105 129 0.06
105 153 0.0345
106 107 0.07000000000000001
106 112 0.12778
106 118 0.07822999999999999
106 130 0.06
106 154 0.0345
107 113 0.12778
107 119 0.07822999999999999
107 131 0.06
107 155 0.0345
108 96 0.89
108 109 0.07000000000000001
108 110 0.85
108 112 0.02
108 132 0.06
108 156 0.0345
109 97 0.89
109 111 0.85
109 113 0.02
109 133 0.06
109 157 0.0345
110 98 0.89
110 111 0.07000000000000001
110 134 0.06
110 158 0.0345
111 99 0.89
111 135 0.06
111 159 0.0345
112 100 0.89
112 113 0.07000000000000001
112 136 0.06
112 160 0.0345
113 101 0.89
113 137 0.06
113 161 0.0345
114 115 0.07000000000000001
114 116 0.85
114 118 0.02
114 138 0.06
114 162 0.0345
115 117 0.85
115 119 0.02
115 139 0.06
115 163 0.0345
116 117 0.07000000000000001
116 140 0.06
116 164 0.0345
117 141 0.06
117 165 0.0345
118 119 0.07000000000000001
118 142 0.06
118 166 0.0345
119 143 0.06
119 167 0.0345
120 0 0.89
120 120 0.02
120 121 0.07000000000000001
120 122 0.85
120 124 0.02
120 126 0.95
121 1 0.89
121 121 0.02
121 123 0.85
121 125 0.02
121 127 0.95
122 2 0.89
122 122 0.02
122 123 0.07000000000000001
122 128 0.95
123 3 0.89
123 123 0.02
123 129 0.95
124 4 0.89
124 124 0.02
124 125 0.07000000000000001
124 130 0.95
125 5 0.89
125 125 0.02
125 131 0.95
126 6 0.89
126 127 0.07000000000000001
126 128 0.85
126 130 0.02
126 132 0.12778
126 138 0.07822999999999999
127 7 0.89
127 129 0.85
127 131 0.02
127 133 0.12778
127 139 0.07822999999999999
128 8 0.89
128 129 0.07000000000000001
128 134 0.12778
128 140 0.07822999999999999
129 9 0.89
129 135 0.12778
129 141 0.07822999999999999
130 10 0.89
130 131 0.07000000000000001
130 136 0.12778
130 142 0.07822999999999999
131 11 0.89
131 137 0.12778
131 143 0.07822999999999999
132 12 0.89
132 120 0.89
132 133 0.07000000000000001
132 134 0.85
132 136 0.02
133 13 0.89
133 121 0.89
133 135 0.85
133 137 0.02
134 14 0.89
134 122 0.89
134 135 0.07000000000000001
135 15 0.89
135 123 0.89
136 16 0.89
136 124 0.89
136 137 0.07000000000000001
137 17 0.89
137 125 0.89
138 18 0.89
138 139 0.07000000000000001
138 140 0.85
138 142 0.02
139 19 0.89
139 141 0.85
139 143 0.02
140 20 0.89
140 141 0.07000000000000001
141 21 0.89
142 22 0.89
142 143 0.07000000000000001
143 23 0.89
144 144 0.02
144 145 0.07000000000000001
144 146 0.85
144 148 0.02
144 150 0.95
145 145 0.02
145 147 0.85
145 149 0.02
145 151 0.95
146 146 0.02
146 147 0.07000000000000001
146 152 0.95
147 147 0.02
147 153 0.95
148 148 0.02
148 149 0.07000000000000001
148 154 0.95
149 149 0.02
149 155 0.95
150 151 0.07000000000000001
150 152 0.85
150 154 0.02
150 156 0.12778
150 162 0.07822999999999999
151 153 0.85
151 155 0.02
151 157 0.12778
151 163 0.07822999999999999
152 153 0.07000000000000001
152 158 0.12778
152 164 0.07822999999999999
153 159 0.12778
153 165 0.07822999999999999
154 155 0.07000000000000001
154 160 0.12778
154 166 0.07822999999999999
155 161 0.12778
155 167 0.07822999999999999
156 144 0.89
156 157 0.07000000000000001
156 158 0.85
156 160 0.02
157 145 0.89
157 159 0.85
157 161 0.02
158 146 0.89
158 159 0.07000000000000001
159 147 0.89
160 148 0.89
160 161 0.07000000000000001
161 149 0.89
162 163 0.07000000000000001
162 164 0.85
162 166 0.02
163 165 0.85
163 167 0.02
164 165 0.07000000000000001
165 165 1
166 167 0.07000000000000001
167 167 1
